.Random.seed <-
c(403L, 10L, -1954889863L, 1198636811L, 444710970L, 451170108L, 
281685119L, -1457930283L, 779809260L, 2080457538L, -515388259L, 
1137390871L, -1202484098L, -286383048L, 933593883L, -681056135L, 
-1820856120L, -28190474L, 2103699761L, -1520377501L, -1855261902L, 
1335196804L, -713045817L, 987493277L, -1424820460L, 231124410L, 
263293957L, -1751178785L, 374531174L, 316580848L, -348136173L, 
1031127729L, 167767392L, -1944313090L, 617913993L, -1040889413L, 
2110059402L, -1925899668L, -1190636561L, -1227613147L, 1321518300L, 
-535864654L, -3670611L, -273202841L, 1558961806L, 2054113128L, 
-860487829L, 1138354441L, 206405528L, 1071744710L, 746116129L, 
-711589709L, -1556522462L, -1264526316L, -50671465L, 847618701L, 
367391652L, -632058486L, 1123662325L, -1199156145L, -1863740586L, 
-1962964480L, -385359037L, 1166992097L, -1447612336L, -1860398930L, 
768672857L, -527253L, -992364070L, -782794084L, 1313299615L, 
-2081501451L, 800846732L, -1887206814L, -970459587L, 141531319L, 
369665886L, -1219106152L, -637961733L, -1644977255L, -121144280L, 
677801174L, -947283631L, -1120471037L, -981491822L, 1937378596L, 
1196213223L, -294627267L, 1912948404L, 1793019162L, 583736933L, 
249705215L, -2025707642L, 1731991824L, 1630136755L, -1656638895L, 
599581184L, -1700495650L, 1650734377L, 483670235L, -1639284758L, 
77012876L, 639045839L, 1183256709L, -1102957764L, -1734030830L, 
785580301L, 1517406791L, -118337490L, -1042471544L, 34913419L, 
-550152599L, -2012640712L, -1198269722L, 135935617L, -357115373L, 
-1220698686L, 47699572L, -219649929L, -1615951507L, 1157983748L, 
-1320641238L, -963036523L, -1925787345L, 1021551670L, -639991712L, 
652895907L, 769630657L, 2141953456L, 1736463566L, 530760249L, 
971985995L, 1798616570L, 1631367420L, -991664833L, 625613333L, 
1749610796L, 1834246658L, -1437126435L, -749845545L, -11206978L, 
-1484093192L, -896026917L, 82873657L, -98133880L, -1286397898L, 
-1485826959L, 1500405411L, -1619520526L, 1582393156L, -1824348153L, 
-1901836835L, 381010644L, -1818718726L, 230302021L, 211428767L, 
-1005824218L, 1484535728L, -1782393773L, -1726787727L, 1388316320L, 
-562320834L, -2043870903L, 470597627L, -1460542518L, -1689780948L, 
859476271L, 1933885413L, 1234443932L, -1151603982L, -502363283L, 
1606415527L, 406548174L, 1854506024L, 245520427L, 1937250889L, 
-1319652520L, -1643430394L, -1603172383L, 543741299L, 330677730L, 
-221417132L, 440402007L, 444681293L, 2142715876L, -220754486L, 
-1917987787L, 984625807L, 436071318L, 1272444736L, 2057951747L, 
-883064799L, -263853296L, -756152082L, 848767129L, 1729060139L, 
816452634L, -1665038628L, 513044191L, -443348811L, -965263796L, 
-487218526L, 1507961341L, -1054678281L, 66126878L, 1387073240L, 
-1633504709L, 487100377L, -78391960L, -742513514L, 148857361L, 
-1150608445L, 1532446674L, -550178204L, 2144637351L, 1491988221L, 
2101091060L, -251154982L, -1424400091L, 1152907327L, 724924358L, 
297782352L, 1727832179L, 1898722449L, 978748608L, -912079202L, 
2024258153L, -1748485477L, -116869206L, 401981948L, 652536306L, 
-747423104L, 41842164L, -1970821496L, -174743750L, -1381776560L, 
1673966700L, 1771256212L, 1091396690L, 2104469984L, -1205895988L, 
-1760449376L, -1192241790L, 860168424L, -704774420L, -125268676L, 
-328041358L, 1519444080L, 1840052260L, 1411132472L, 1870886682L, 
691649744L, 124606268L, -1756407916L, -695579774L, -776752704L, 
364105276L, 1563895184L, 1379329570L, -1228563192L, -415693172L, 
-1445603556L, -954556270L, -1026455168L, -1631003116L, 1235783464L, 
-476032454L, -202025520L, -1438381716L, 62727092L, -725743598L, 
-847467040L, 1929281484L, 561242336L, 1952962594L, -374193880L, 
218742284L, -221126852L, -614941710L, 746498800L, -1755011516L, 
2100191832L, 618487610L, -1422838288L, -1907880260L, -1726555884L, 
-772457790L, 897092704L, -837438596L, 1039665104L, 388759842L, 
1702611624L, -519670900L, -219469636L, -616077518L, 1911261760L, 
-1214470988L, -796231096L, -1810965062L, -469091824L, -311325972L, 
1373718868L, 1776992530L, -1174717024L, -986703156L, 2044231264L, 
-972480574L, 1048297256L, 690278316L, 1453667132L, -1983903374L, 
956578608L, 1523926308L, -1908352200L, -1775020326L, -1353293936L, 
635121404L, -1732312172L, 573749314L, 1519199488L, 225297468L, 
-1865154224L, -2022799198L, -1569203896L, -1797224692L, -1664011556L, 
817327442L, 724483200L, 1291403348L, -1006168088L, 178020602L, 
543427408L, -1119035604L, -1896834700L, 2067221394L, 1511532640L, 
-1064917620L, -522863776L, -1992521246L, 348924840L, -1728791348L, 
-2009827332L, -90053198L, 1045368304L, 1152531396L, 293707096L, 
-372493958L, -730838096L, -203816516L, 1113622612L, -1274122302L, 
-1763379168L, -2041915204L, -871071152L, 527141858L, -1943033752L, 
1573862476L, -1530054404L, 746290162L, -806119168L, 124764532L, 
49349640L, 624459706L, -1590423088L, 135076844L, 513423764L, 
-1206484526L, 1605292384L, -2658484L, 2083891488L, 21436290L, 
1655918312L, -2091802388L, 756999228L, 1674967922L, 1945159280L, 
470092836L, 405259064L, -1129857894L, -1247589680L, -1737842500L, 
-567124332L, 1310862978L, 1275771072L, 1525521212L, 1815882896L, 
-135332318L, -1078755320L, -1600289524L, 583984284L, 29597202L, 
1954983808L, -123623916L, -1486699992L, 443829562L, -1141218864L, 
-1305879444L, 685766964L, 695725714L, -520785056L, 1053860684L, 
-1839040544L, 62388130L, 1004435368L, -1145778804L, 350695612L, 
1964568946L, -904074000L, -1456754620L, -739321512L, 687054394L, 
-341435536L, -325543876L, 1271756564L, 971660738L, -1230351648L, 
1821781884L, -1135583536L, -1937092446L, 614908968L, -1369750260L, 
-879079492L, 800026930L, -1623510592L, -2041406924L, -1699662904L, 
-2060447558L, 496863632L, -1297356308L, -263562668L, -1048418158L, 
-1425848544L, 1788096972L, 716539360L, 504780482L, 193879080L, 
-554329428L, -1386376004L, -1112825358L, -1448779472L, -658760540L, 
-849686856L, 1008119130L, -2021716592L, -1278018692L, 49479956L, 
1067193154L, -1163908352L, 104011708L, -1592326320L, 1830990626L, 
-546835128L, -1547042292L, -304228260L, -2007272238L, 1916297728L, 
238057316L, -606292331L, -194515009L, -189320360L, -993128074L, 
197333891L, -1504849467L, -840599838L, 2105087824L, -1968262535L, 
1931474347L, 31685404L, -1623176118L, 318871615L, 142362761L, 
861129886L, -1758561972L, 1660002589L, 1182379175L, -1204536368L, 
1286390638L, -2019114469L, 1493287805L, -452796054L, -2079203320L, 
105187505L, -1579260125L, -1099242460L, 1234941650L, -271576281L, 
-990833295L, 1498012598L, -817889452L, 734525925L, -1610374161L, 
1059255080L, 1690891142L, 1139691443L, -766908651L, 951619954L, 
1659557312L, 752780841L, -2014520677L, -389209236L, 1863170938L, 
-1944107857L, -858492999L, -2050971186L, -2038624996L, 92268685L, 
1073104119L, 145743872L, 1747157598L, -849912533L, -2051203539L, 
118941338L, -1984581032L, 40259009L, 1522086515L, 96612244L, 
601144866L, -1492090569L, 1936986113L, 729509126L, -813213372L, 
1641483381L, 1372364255L, 1032579384L, -1119558890L, 144636707L, 
-1257090843L, 1820863746L, 529522544L, -223314151L, -324004085L, 
356414460L, 346378282L, 1776319583L, 1135129577L, -163283714L, 
2074326252L, 2050549821L, 287448071L, -1105213456L, -849808498L, 
1378103739L, -1486573667L, -338395830L, -470157976L, -228549807L, 
811276355L, -7667388L, -1354679822L, 694594503L, -2067358319L, 
212078870L, -764829324L, -716564475L, 2054234191L, -1264065464L, 
-507045402L, -1709496557L, 258551925L, 1895453266L, -840264544L, 
-1101320823L, 1752456635L, 1094674956L, -1473256550L, 801360655L, 
398469465L, 1313446894L, -317431172L, 1390535405L, 1581512087L, 
-690114976L, 1383748670L, 864351499L, -1052211315L, 130356410L, 
928371448L, 17205409L, -1902924717L, 604577652L, -1954116350L, 
-1939057257L, -1987350687L, -1362076762L, -419973724L, -1172607915L, 
-2127290113L, -1442343528L, 59891382L, -598204605L, -1215090043L, 
-1829619934L, 1121739792L, 897755065L, 1416530027L, 1615332188L, 
1721004682L, -14602625L, 1529765833L, 933196894L, 846962444L, 
-60268835L, 360294375L, -226268144L, 1455620398L, 1754236379L, 
